0.55 0.17
0.59 0.12
0.54 0.10
0.63 0.05
0.59 0.03
0.50 0.03
0.48 0.08
0.46 0.14
0.50 0.15
0.45 0.18
0.48 0.20
0.58 0.17
0.44 0.11
0.46 0.06
0.42 0.20
0.43 0.16
0.43 0.14
0.53 0.02
0.44 0.09
0.47 0.04
0.48 0.14
0.47 0.21
0.42 0.19
0.48 0.08
0.51 0.05
0.56 0.04
0.58 0.02
0.61 0.04
0.61 0.12
0.65 0.07
0.63 0.12
0.67 0.05
0.60 0.17
0.63 0.12
0.66 0.06
0.60 0.16
0.53 0.17
0.51 0.25
0.55 0.11
0.58 0.20
-1.44 0.14
-1.39 0.10
-1.43 0.07
-1.34 0.03
-1.38 0.01
-1.48 0.01
-1.50 0.06
-1.54 0.12
-1.49 0.13
-1.56 0.16
-1.52 0.18
-1.43 0.14
-1.57 0.09
-1.54 0.04
-1.61 0.18
-1.58 0.14
-1.61 0.12
-1.49 0.00
-1.60 0.07
-1.56 0.02
-1.59 0.12
-1.59 0.19
-1.62 0.17
-1.58 0.06
-1.55 0.03
-1.50 0.01
-1.44 0.00
-1.44 0.02
-1.39 0.10
-1.33 0.05
-1.38 0.09
-1.32 0.03
-1.42 0.15
-1.40 0.10
-1.37 0.04
-1.43 0.14
-1.53 0.15
-1.55 0.22
-1.51 0.09
-1.46 0.17
0.72 0.14
0.67 0.20
0.61 0.19
0.77 0.06
0.67 0.12
0.59 0.10
0.62 0.04
0.73 0.04
0.56 0.17
0.54 0.22
0.73 0.15
0.52 0.19
0.53 0.14
0.56 0.07
0.56 0.04
0.51 0.16
0.51 0.11
0.53 0.24
0.54 0.16
0.55 0.10
0.63 0.02
0.58 0.05
0.68 0.03
0.64 0.04
0.79 0.09
0.75 0.14
0.69 0.20
0.73 0.14
0.81 0.06
0.70 0.20
0.60 0.19
0.63 0.13
0.69 0.19
0.69 0.04
0.76 0.07
-1.75 0.12
-1.79 0.18
-1.86 0.16
-1.70 0.04
-1.82 0.09
-1.90 0.07
-1.88 0.01
-1.76 0.02
-1.91 0.15
-1.93 0.19
-1.71 0.12
-1.95 0.17
-1.94 0.11
-1.92 0.05
-1.88 0.02
-1.92 0.14
-1.92 0.09
-1.86 0.22
-1.84 0.14
-1.83 0.07
-1.80 0.00
-1.80 0.03
-1.74 0.00
-1.74 0.02
-1.67 0.06
-1.67 0.11
-1.75 0.18
-1.66 0.12
-1.62 0.04
-1.71 0.18
-1.77 0.17
-1.74 0.11
-1.70 0.16
-1.68 0.02
-1.62 0.05
0.49 0.22
-1.93 0.20
1.75 2.34
1.75 2.32
1.74 2.32
1.79 2.35
1.76 2.33
1.77 2.32
1.74 2.31
1.71 2.31
1.69 2.33
1.72 2.33
1.71 2.36
1.77 2.37
1.74 2.34
2.23 2.09
2.25 2.08
2.22 2.05
2.17 2.05
2.20 2.11
2.14 2.08
2.14 2.11
2.18 2.12
2.15 2.14
2.19 2.13
2.23 2.11
2.20 2.10
2.28 2.13
1.74 2.37
1.95 2.59
1.94 2.61
1.93 2.61
1.95 2.56
1.94 2.61
1.95 2.55
1.93 2.56
1.95 2.58
1.94 2.59
1.90 2.58
1.91 2.63
1.89 2.61
1.94 2.60
1.94 2.63
2.32 2.15
2.29 2.16
2.27 2.17
2.27 2.21
2.27 2.18
2.26 2.20
2.27 2.25
2.26 2.23
2.29 2.23
2.32 2.19
2.29 2.17
0.62 1.13
0.67 1.17
0.67 1.10
0.73 1.20
0.72 1.11
0.78 1.20
0.80 1.14
0.72 1.06
0.67 1.04
0.58 1.03
0.60 1.08
0.65 1.01
0.57 1.00
0.64 0.98
0.56 0.96
0.63 0.93
0.71 0.99
0.71 0.94
0.75 0.97
0.78 1.01
0.72 1.03
0.80 1.06
0.82 1.18
0.89 1.15
0.84 1.07
0.88 1.08
0.86 1.01
0.83 0.97
0.80 0.93
0.74 0.90
0.70 0.90
0.62 0.90
0.54 0.90
0.94 1.16
0.92 1.09
0.91 1.00
0.88 0.95
0.83 0.90
0.75 0.87
0.69 0.87
0.62 0.87
0.54 0.86
0.97 1.18
0.95 1.11
0.94 1.02
0.90 0.97
0.85 0.93
0.78 0.89
0.69 0.89
0.61 0.90
0.51 0.91
0.89 1.33
0.82 1.37
0.86 1.43
0.94 1.37
0.91 1.27
0.86 1.29
0.80 1.30
0.78 1.26
0.76 1.27
0.95 1.25
0.98 1.24
1.01 1.26
1.00 1.27
1.03 1.29
0.98 1.30
-0.71 0.85
-0.53 0.82
-0.60 0.77
-0.55 0.76
-0.49 0.78
-0.34 0.84
-0.35 0.80
-0.37 0.79
-0.55 0.77
-0.38 0.78
-0.12 0.88
-0.13 0.85
-0.14 0.87
-0.41 0.80
0.38 0.35
0.41 0.35
0.42 0.28
0.45 0.37
0.48 0.38
0.51 0.31
0.50 0.38
0.53 0.31
0.39 0.27
0.39 0.25
0.42 0.22
0.38 0.21
0.55 0.26
0.54 0.25
0.43 0.29
0.43 0.37
0.38 0.21
0.40 0.22
0.42 0.27
0.40 0.37
0.38 0.35
0.38 0.26
0.49 0.24
0.46 0.30
0.46 0.23
0.44 0.22
0.51 0.33
0.54 0.25
0.45 0.29
0.49 0.32
0.46 0.38
0.44 0.38
0.49 0.37
-1.45 0.79
-1.47 0.75
-1.40 0.85
-1.50 0.70
-1.42 0.84
-1.52 0.71
-1.46 0.84
-1.56 0.71
-1.50 0.86
-1.61 0.73
-1.54 0.88
-1.74 0.77
-1.77 0.77
-1.73 0.90
-1.70 0.94
-1.67 0.93
-1.69 0.88
-1.59 0.44
-1.60 0.55
-1.55 0.56
-1.59 0.61
-1.54 0.62
-1.60 0.62
-1.63 0.43
-1.64 0.54
-1.66 0.63
-1.68 0.74
-1.68 0.43
-1.69 0.54
-1.72 0.64
-1.56 0.44
-1.53 0.55
-1.52 0.62
-1.50 0.69
-1.54 0.61
-1.56 0.54
-1.56 0.46
-1.54 0.45
-1.54 0.68
-1.57 0.61
-1.61 0.61
-1.61 0.54
-1.59 0.70
-1.66 0.74
-1.66 0.62
-1.65 0.54
-1.65 0.44
-1.60 0.45
-1.73 0.75
-1.73 0.65
-1.69 0.54
-1.67 0.45
-1.74 0.64
-1.71 0.52
-1.69 0.44
-1.68 0.86
0.47 0.48
0.49 0.58
0.51 0.59
0.51 0.65
0.52 0.65
0.51 0.77
0.53 0.78
0.51 0.84
0.53 0.85
0.39 0.47
0.38 0.55
0.37 0.46
0.38 0.62
0.36 0.55
0.38 0.74
0.35 0.63
0.35 0.80
0.32 0.73
0.36 0.46
0.33 0.56
0.31 0.63
0.31 0.81
0.30 0.74
0.37 0.47
0.34 0.56
0.32 0.64
0.29 0.81
0.29 0.75
0.41 0.49
0.37 0.58
0.36 0.65
0.28 0.86
0.34 0.80
0.48 0.48
0.47 0.81
0.47 0.76
0.44 0.48
0.46 0.63
0.42 0.47
0.41 0.83
0.42 0.76
0.43 0.62
0.42 0.54
0.46 0.55
0.40 0.86
0.34 0.85
0.40 0.82
0.41 0.66
0.49 0.49
0.44 0.48
0.48 0.61
0.42 0.59
0.50 0.86
0.51 0.79
0.49 0.67
0.56 0.98
0.53 0.96
0.55 0.92
0.48 0.96
0.52 0.90
0.41 0.95
0.48 0.87
0.33 0.95
0.41 0.87
0.29 0.95
0.34 0.86
0.27 0.94
0.30 0.88
0.24 0.97
0.28 0.90
0.57 1.02
0.55 1.02
0.50 1.02
0.42 1.02
0.35 1.02
0.30 1.01
0.27 1.00
0.22 1.02
0.59 1.08
0.34 1.07
0.44 1.08
0.51 1.08
0.56 1.08
0.26 1.06
0.30 1.06
0.98 2.47
0.97 2.48
1.09 2.52
0.98 2.41
1.08 2.50
0.98 2.32
1.08 2.47
0.99 2.26
1.07 2.36
1.00 2.19
1.10 2.31
1.01 2.05
1.11 2.23
1.02 1.92
1.14 2.12
1.06 1.75
1.16 1.99
1.08 1.65
1.18 1.84
1.10 1.62
1.21 1.75
1.11 1.59
1.22 1.73
1.15 1.53
1.24 1.71
1.19 1.52
1.26 1.69
1.20 1.54
1.29 1.66
1.28 2.59
1.17 2.53
1.18 2.56
1.48 1.89
1.39 1.79
1.38 1.76
1.45 1.85
1.34 1.77
1.32 1.80
1.43 1.85
1.31 1.83
1.40 1.89
1.29 1.90
1.38 1.98
1.25 2.03
1.35 2.08
1.22 2.16
1.31 2.19
1.20 2.27
1.31 2.29
1.18 2.34
1.29 2.38
1.16 2.41
1.28 2.51
1.17 2.49
1.28 2.55
1.11 1.41
1.13 1.44
0.69 2.40
0.86 2.44
0.84 2.37
0.69 2.34
0.84 2.29
0.70 2.26
0.86 2.21
0.74 2.18
0.87 2.13
0.75 2.08
0.88 2.00
0.78 1.95
0.92 1.86
0.82 1.82
0.96 1.69
0.89 1.63
0.85 1.71
0.99 1.60
0.89 1.55
1.01 1.55
0.92 1.48
1.03 1.49
1.08 1.44
1.30 1.69
0.79 1.79
0.82 1.67
0.84 1.60
0.82 1.45
0.84 1.53
0.72 1.92
0.71 1.92
0.68 2.04
0.72 1.26
0.74 1.30
0.79 1.34
0.74 1.39
0.79 1.42
0.76 1.48
0.80 1.51
0.77 1.56
0.80 1.58
0.75 1.66
0.79 1.65
0.74 1.80
0.76 1.80
0.74 1.93
0.60 2.39
0.59 2.34
0.60 2.26
0.64 2.12
0.60 1.12
0.64 1.17
0.56 2.32
0.57 2.28
0.60 2.15
0.62 2.05
0.65 1.94
0.66 1.80
0.68 1.68
0.69 1.56
0.69 1.44
0.67 1.36
0.67 1.30
0.65 1.23
0.49 1.19
0.53 1.30
0.45 2.34
0.45 2.39
0.54 1.37
0.54 1.42
0.52 1.56
0.50 1.67
0.49 1.81
0.48 1.95
0.45 2.12
0.45 2.24
0.44 2.31
-0.24 2.31
-0.24 2.37
-0.02 2.37
-0.23 2.25
-0.02 2.26
-0.21 2.18
-0.02 2.17
-0.20 2.06
-0.01 2.01
-0.22 1.96
0.03 1.89
-0.18 1.78
0.06 1.78
-0.09 1.58
0.07 1.60
-0.09 1.49
0.06 1.52
-0.10 1.42
0.07 1.46
-0.09 1.36
0.07 1.40
-0.09 1.28
0.07 1.32
-0.09 1.18
0.08 1.25
-0.10 1.10
0.07 1.20
-0.09 1.01
0.07 1.11
-0.10 0.95
0.07 1.05
-0.10 0.92
0.06 0.99
0.06 0.97
0.06 0.92
0.06 0.91
-0.58 2.31
-0.58 2.37
-0.44 2.37
-0.57 2.27
-0.43 2.32
-0.59 2.22
-0.45 2.27
-0.57 2.14
-0.44 2.22
-0.60 2.05
-0.40 2.15
-0.69 1.99
-0.40 2.05
-0.70 1.82
-0.48 1.88
-0.60 1.59
-0.35 1.61
-0.55 1.48
-0.30 1.48
-0.50 1.34
-0.29 1.41
-0.50 1.17
-0.29 1.32
-0.49 1.05
-0.30 1.21
-0.49 0.95
-0.29 1.09
-0.51 0.88
-0.32 0.98
-0.52 0.86
-0.34 0.91
-0.34 0.88
-0.87 2.35
-0.86 2.39
-0.72 2.38
-0.86 2.30
-0.73 2.33
-0.87 2.23
-0.74 2.28
-0.88 2.18
-0.75 2.21
-0.89 2.11
-0.75 2.13
-0.94 2.03
-0.78 2.07
-0.93 1.91
-0.84 1.96
-0.89 1.79
-0.79 1.85
-0.86 1.66
-0.76 1.76
-0.88 1.54
-0.74 1.59
-0.88 1.41
-0.72 1.47
-0.84 1.14
-0.70 1.26
-0.84 1.05
-0.71 1.07
-0.86 0.99
-0.72 0.97
-0.88 0.96
-0.70 0.91
0.35 1.11
0.34 1.18
0.30 2.39
0.30 2.33
0.30 2.29
0.31 2.24
0.31 2.15
0.31 2.06
0.33 1.78
0.32 1.86
0.34 1.62
0.35 1.54
0.35 1.45
0.35 1.37
0.36 1.28
0.17 0.96
0.23 0.94
0.18 0.91
0.23 0.92
0.19 0.89
0.37 0.92
0.18 0.99
0.19 1.10
0.24 1.23
0.23 1.09
0.19 1.04
0.07 0.92
-0.69 0.88
-0.93 2.36
-0.94 2.40
-0.94 2.31
-0.92 2.24
-0.93 2.19
-0.96 2.11
-1.00 2.02
-1.00 1.88
-1.03 1.71
-1.02 1.62
-1.02 1.55
-1.01 1.44
-1.01 1.32
-1.03 1.22
-1.02 1.14
-1.02 1.08
-1.07 2.37
-1.08 2.41
-1.07 2.32
-1.07 2.28
-1.11 2.16
-1.12 2.02
-1.10 1.91
-1.12 1.78
-1.12 1.67
-1.11 1.61
-1.07 1.53
-1.05 1.45
-1.07 1.32
-1.11 1.23
-1.13 1.16
-1.14 1.12
-1.14 1.11
-1.24 2.38
-1.25 2.42
-1.24 2.35
-1.24 2.29
-1.21 2.17
-1.20 2.01
-1.23 1.88
-1.22 1.76
-1.20 1.66
-1.16 1.59
-1.12 1.52
-1.11 1.43
-1.16 1.28
-1.21 1.17
-1.23 1.08
-1.24 1.05
-1.25 1.02
-1.51 2.43
-1.50 2.45
-1.50 2.38
-1.48 2.33
-1.46 2.25
-1.43 2.13
-1.39 1.97
-1.33 1.78
-1.31 1.70
-1.31 1.66
-1.28 1.56
-1.26 1.46
-1.25 1.38
-1.24 1.27
-1.27 1.12
-1.34 0.97
-1.68 2.46
-1.68 2.49
-1.67 2.38
-1.65 2.34
-1.63 2.28
-1.59 2.18
-1.55 2.08
-1.49 1.90
-1.43 1.75
-1.42 1.63
-1.42 1.55
-1.37 1.47
-1.35 1.34
-1.34 1.23
-1.35 1.09
-1.40 0.97
-1.84 2.28
-1.89 2.35
-1.84 2.38
-1.81 2.20
-1.76 2.32
-1.79 2.13
-1.75 2.25
-1.76 2.04
-1.71 2.18
-1.74 1.96
-1.66 2.08
-1.70 1.80
-1.64 1.97
-1.66 1.63
-1.61 1.80
-1.62 1.54
-1.56 1.65
-1.58 1.45
-1.53 1.54
-1.55 1.31
-1.49 1.46
-1.55 1.19
-1.46 1.30
-1.57 1.06
-1.46 1.19
-1.59 0.96
-1.48 1.05
-1.61 0.91
-1.51 0.95
-1.94 2.25
-1.97 2.31
-1.90 2.17
-1.88 2.11
-1.86 2.03
-1.85 1.95
-1.81 1.82
-1.76 1.66
-1.71 1.55
-1.68 1.43
-1.65 1.30
-1.62 1.19
-1.63 1.08
-1.65 1.00
-1.94 2.16
-1.98 2.23
-1.93 2.11
-1.92 2.06
-1.90 2.00
-1.90 1.95
-1.87 1.84
-1.83 1.70
-1.80 1.58
-1.75 1.45
-1.73 1.36
-1.67 1.20
-1.32 0.95
-1.38 0.87
0.56 2.39
-1.49 0.76
-1.65 0.33
-1.62 0.33
-1.60 0.25
-1.58 0.34
-1.55 0.35
-1.51 0.28
-1.54 0.35
-1.51 0.28
-1.63 0.25
-1.64 0.23
-1.61 0.20
-1.64 0.19
-1.48 0.23
-1.48 0.22
-1.58 0.26
-1.60 0.34
-1.67 0.18
-1.67 0.19
-1.65 0.25
-1.67 0.34
-1.67 0.32
-1.67 0.23
-1.53 0.22
-1.56 0.28
-1.56 0.21
-1.58 0.20
-1.54 0.30
-1.51 0.23
-1.62 0.26
-1.58 0.29
-1.61 0.35
-1.62 0.36
-1.56 0.35
-1.66 1.11
-1.87 1.92
-1.86 1.87
-1.85 1.75
-1.82 1.61
-1.79 1.50
-1.93 1.96
-1.93 2.17
-1.93 2.12
-1.94 2.05
-2.05 2.04
-2.03 1.82
-2.04 1.82
-2.03 2.24
-2.06 2.05
-1.96 2.38
-2.05 2.26
-1.86 2.45
-1.98 2.40
-1.76 2.47
-1.88 2.48
-2.02 2.03
-2.01 1.81
-2.01 2.23
-1.94 2.36
-1.84 2.43
-1.74 2.44
-2.00 2.03
-1.98 1.81
-1.98 2.23
-1.91 2.35
-1.82 2.40
-1.98 2.03
-1.97 1.82
-1.96 2.23
-1.89 2.34
-1.81 2.38
-1.97 2.04
-1.96 1.82
-1.95 2.24
-1.88 2.34
-1.81 2.37
-1.97 2.05
-1.96 1.83
-1.96 2.25
-1.82 2.38
-1.77 2.50
1.71 2.30
1.70 2.36
1.75 2.39
1.78 2.38
1.75 2.30
1.78 2.31
1.73 2.28
1.71 2.28
1.76 2.28
1.78 2.30
1.79 2.34
1.77 2.40
1.80 2.38
1.70 2.40
1.73 2.41
1.67 2.31
1.68 2.37
1.69 2.41
1.72 2.44
1.75 2.44
1.74 2.41
1.79 2.43
1.82 2.39
1.82 2.35
1.81 2.32
1.78 2.28
1.75 2.26
1.72 2.25
1.69 2.27
1.84 2.38
1.83 2.35
1.82 2.31
1.79 2.27
1.74 2.24
1.72 2.23
1.67 2.25
1.65 2.27
1.81 2.44
1.82 2.41
1.76 2.46
1.69 2.43
1.66 2.37
1.65 2.37
1.66 2.31
1.64 2.38
1.72 2.48
1.73 2.46
1.75 2.49
1.81 2.48
1.84 2.44
1.85 2.40
1.85 2.35
1.64 2.30
1.69 2.53
1.75 2.54
1.81 2.50
1.86 2.46
1.88 2.42
1.88 2.35
1.87 2.29
1.84 2.23
1.78 2.17
1.75 2.16
1.69 2.15
1.65 2.15
1.61 2.21
1.59 2.28
1.58 2.36
1.58 2.30
1.67 2.44
1.59 2.43
1.89 2.50
1.91 2.43
1.93 2.36
1.91 2.27
1.90 2.17
1.64 2.13
1.60 2.16
1.59 2.20
1.55 2.23
1.54 2.27
1.53 2.31
1.75 2.62
1.68 2.62
1.63 2.50
1.57 2.53
1.64 2.60
1.53 2.47
1.54 2.38
1.90 2.14
1.86 2.07
1.76 2.06
1.67 2.10
1.98 2.37
1.94 2.46
2.03 2.38
2.05 2.36
2.03 2.32
2.00 2.28
1.98 2.23
1.95 2.16
1.93 2.12
1.92 2.06
1.91 2.03
1.78 2.03
1.66 2.04
1.62 2.06
1.56 2.10
1.53 2.16
1.52 2.22
1.51 2.27
2.12 2.30
2.11 2.26
2.08 2.23
2.05 2.19
2.02 2.14
1.99 2.10
1.98 2.06
1.97 2.03
2.17 2.22
2.15 2.20
2.13 2.21
2.12 2.15
2.07 2.12
2.10 2.17
2.10 2.11
2.05 2.09
2.09 2.05
2.06 2.06
2.15 2.24
2.01 2.03
2.24 2.19
2.22 2.18
2.18 2.19
2.29 2.18
2.27 2.16
2.24 2.16
2.23 2.24
2.21 2.21
2.29 2.15
2.27 2.10
2.27 2.08
2.26 2.07
2.26 2.06
2.24 2.03
2.25 2.05
2.20 2.00
2.14 1.99
2.14 2.01
2.20 2.03
2.16 2.02
2.10 2.02
2.10 2.01
2.06 2.02
2.01 1.99
2.05 2.00
2.10 1.99
2.06 1.98
2.04 1.98
1.99 2.00
2.00 1.97
2.02 1.96
1.97 2.00
1.97 1.98
1.99 1.96
2.06 1.96
2.06 1.95
2.10 1.96
2.10 1.95
2.15 1.97
2.15 1.96
1.90 1.99
1.90 1.97
1.95 1.96
1.90 1.96
2.21 2.00
2.20 1.98
2.22 1.99
2.16 1.97
2.10 1.96
2.12 1.97
2.04 1.96
1.96 1.98
1.91 1.97
1.90 1.94
2.00 1.96
1.95 1.95
2.01 1.99
1.95 1.96
2.07 1.97
1.89 1.93
1.83 1.96
1.82 1.93
1.82 1.91
1.69 1.90
1.71 1.94
1.81 1.95
1.69 1.89
1.81 1.95
1.80 1.99
1.67 1.97
1.68 1.94
1.68 1.92
1.58 2.00
1.56 1.96
1.54 1.93
1.54 1.91
1.49 1.93
1.59 1.91
1.56 1.88
1.52 1.88
1.46 1.91
1.50 1.99
1.42 1.96
1.47 1.98
1.50 1.94
1.42 2.09
1.45 2.09
1.48 2.13
1.53 2.04
1.48 2.22
1.51 2.31
1.48 2.27
1.44 2.22
1.40 2.20
1.39 2.07
1.45 2.27
1.42 2.26
1.39 2.19
1.82 2.56
2.19 2.26
2.26 2.22
1.56 2.75
1.62 2.72
1.60 2.69
1.55 2.71
1.58 2.65
1.54 2.70
1.57 2.63
1.51 2.75
1.49 2.71
1.48 2.69
1.54 2.69
1.48 2.69
1.52 2.65
1.55 2.62
1.65 2.69
1.58 2.59
1.40 2.61
1.40 2.56
1.39 2.57
1.41 2.63
1.40 2.58
1.43 2.69
1.46 2.74
1.43 2.67
1.43 2.66
1.43 2.65
1.38 2.60
1.40 2.66
1.41 2.64
1.42 2.70
1.32 2.59
1.36 2.55
1.32 2.53
1.38 2.55
1.39 2.51
1.34 2.49
1.32 2.48
1.30 2.44
1.30 2.46
1.41 2.52
1.40 2.48
1.35 2.47
1.32 2.45
1.30 2.42
1.40 2.45
1.35 2.44
1.33 2.42
1.32 2.40
1.48 2.48
1.44 2.49
1.44 2.47
1.44 2.46
1.40 2.45
1.36 2.42
1.34 2.40
1.44 2.46
1.41 2.45
1.36 2.42
1.34 2.38
1.34 2.40
1.36 2.42
1.32 2.39
1.38 2.45
1.45 2.46
1.41 2.44
1.39 2.44
1.35 2.42
1.30 2.38
1.29 2.34
1.28 2.34
1.32 2.36
1.31 2.34
1.33 2.38
1.33 2.35
1.31 2.34
1.29 2.29
1.29 2.27
1.31 2.23
1.34 2.19
1.31 2.27
1.35 2.20
1.34 2.36
1.34 2.35
1.39 2.32
1.39 2.33
1.33 2.29
1.34 2.33
1.38 2.23
1.49 2.43
1.50 2.42
1.49 2.40
1.33 2.37
1.30 2.33
1.34 2.35
1.32 2.33
1.32 2.33
1.33 2.34
1.36 2.39
1.36 2.38
1.33 2.35
1.37 2.37
1.46 2.41
1.46 2.44
1.47 2.36
1.48 2.40
1.47 2.42
1.42 2.42
1.39 2.41
1.38 2.40
1.41 2.40
1.44 2.40
1.44 2.38
1.39 2.39
1.47 2.36
1.45 2.37
1.40 2.39
1.40 2.38
1.39 2.36
1.38 2.35
1.37 2.35
1.35 2.34
1.34 2.34
1.37 2.32
1.35 2.30
1.34 2.30
1.33 2.31
1.38 2.28
1.36 2.25
1.34 2.25
1.32 2.26
1.31 2.29
1.31 2.30
1.48 2.33
1.46 2.33
1.45 2.35
1.48 2.35
1.43 2.33
1.39 2.27
1.30 2.64
1.33 2.66
1.33 2.37
0.78 1.36
0.73 1.32
0.69 1.26
0.83 1.37
0.78 1.26
0.87 1.34
0.82 1.27
0.82 1.20
0.88 1.26
0.76 1.19
0.67 1.19
0.74 1.15
0.72 1.10
0.66 1.15
0.70 1.02
0.64 1.09
0.80 1.10
0.82 1.07
0.78 1.04
0.85 1.11
0.81 1.16
0.90 1.30
0.91 1.17
0.95 1.24
0.88 1.17
0.93 1.09
0.95 1.16
0.90 1.06
0.87 1.01
0.80 0.98
0.76 0.98
0.68 0.99
0.61 1.01
0.98 1.15
0.99 1.22
0.96 1.06
0.93 1.02
0.89 0.96
0.81 0.93
0.74 0.93
0.67 0.94
0.59 0.95
0.96 1.58
0.92 1.54
0.97 1.45
1.01 1.48
0.98 1.37
0.95 1.42
0.90 1.46
0.88 1.42
0.88 1.47
1.01 1.33
1.03 1.30
1.05 1.33
1.03 1.37
-0.40 0.98
-0.63 0.97
-0.57 0.90
-0.40 0.87
-0.41 0.93
-0.13 0.99
-0.41 0.84
-0.13 0.92
0.48 0.42
0.45 0.41
0.46 0.32
0.57 0.44
0.53 0.43
0.55 0.36
0.58 0.44
0.60 0.36
0.46 0.30
0.50 0.33
0.46 0.25
0.50 0.26
0.50 0.24
0.64 0.30
0.61 0.36
0.51 0.43
0.52 0.34
0.44 0.30
0.44 0.24
0.45 0.25
0.44 0.40
0.45 0.42
0.47 0.31
0.58 0.29
0.63 0.29
0.54 0.28
0.52 0.27
0.58 0.37
0.51 0.32
0.55 0.36
0.58 0.28
0.62 0.29
0.52 0.43
0.50 0.43
-1.73 0.89
-1.66 0.91
-1.61 1.02
-1.79 0.84
-1.67 1.01
-1.85 0.85
-1.73 1.01
-1.90 0.87
-1.78 1.02
-1.96 0.88
-1.83 1.05
-2.02 0.89
-2.04 0.90
-1.98 1.03
-1.96 1.09
-1.94 1.07
-1.95 1.01
-1.92 0.66
-1.92 0.53
-1.87 0.53
-1.92 0.74
-1.87 0.67
-1.86 0.74
-1.94 0.75
-1.96 0.64
-1.95 0.52
-1.99 0.76
-2.00 0.88
-2.01 0.64
-1.99 0.51
-2.03 0.75
-1.83 0.54
-1.83 0.66
-1.81 0.74
-1.75 0.81
-1.79 0.71
-1.82 0.63
-1.83 0.54
-1.81 0.70
-1.77 0.79
-1.84 0.70
-1.81 0.79
-1.91 0.71
-1.87 0.84
-1.91 0.62
-1.92 0.52
-1.87 0.62
-1.91 0.96
-1.83 0.91
-1.95 0.85
-1.99 0.74
-1.96 0.62
-1.94 0.52
-2.02 0.74
-2.00 0.61
-1.99 0.51
0.58 0.68
0.55 0.56
0.56 0.56
0.59 0.76
0.59 0.69
0.60 0.90
0.60 0.75
0.61 0.99
0.61 0.90
0.46 0.55
0.43 0.54
0.45 0.66
0.42 0.65
0.46 0.74
0.41 0.75
0.46 0.88
0.39 0.87
0.43 0.97
0.37 0.97
0.39 0.65
0.36 0.74
0.35 0.88
0.34 0.96
0.42 0.53
0.39 0.65
0.36 0.74
0.33 0.86
0.32 0.97
0.42 0.55
0.42 0.66
0.41 0.73
0.39 0.90
0.38 0.95
0.52 0.56
0.56 0.98
0.56 0.91
0.55 0.75
0.55 0.65
0.49 0.55
0.50 1.00
0.51 0.91
0.51 0.74
0.50 0.64
0.46 0.56
0.44 0.95
0.45 0.92
0.45 0.73
0.47 0.66
0.57 0.43
0.49 0.54
0.55 0.56
0.55 0.96
0.57 0.88
0.55 0.76
0.61 0.99
0.54 0.70
0.66 1.16
0.64 1.08
0.64 1.16
0.63 1.08
0.59 1.18
0.58 1.06
0.51 1.16
0.50 1.06
0.41 1.17
0.41 1.05
0.35 1.15
0.36 1.06
0.32 1.13
0.33 1.07
0.27 1.12
0.26 1.08
0.68 1.21
0.67 1.23
0.61 1.26
0.53 1.26
0.43 1.25
0.37 1.23
0.32 1.22
0.26 1.20
0.70 1.30
0.42 1.32
0.54 1.34
0.63 1.33
0.68 1.31
0.32 1.30
0.27 1.31
0.37 1.31
0.99 2.48
1.09 2.53
1.01 2.49
1.11 2.53
1.03 2.45
1.13 2.49
1.05 2.40
1.17 2.45
1.07 2.34
1.19 2.39
1.10 2.23
1.24 2.30
1.11 2.10
1.27 2.17
1.16 1.91
1.28 2.00
1.17 1.80
1.30 1.88
1.18 1.74
1.31 1.84
1.19 1.69
1.31 1.80
1.20 1.60
1.32 1.76
1.23 1.58
1.33 1.71
1.19 2.58
1.32 2.66
1.50 1.91
1.40 1.85
1.43 1.83
1.51 1.95
1.40 1.90
1.51 2.03
1.40 1.96
1.51 2.16
1.40 2.06
1.49 2.29
1.37 2.23
1.44 2.39
1.32 2.35
1.43 2.49
1.29 2.44
1.40 2.57
1.26 2.51
1.35 2.65
1.23 2.55
1.34 2.66
1.20 2.57
1.15 1.46
0.71 2.43
0.87 2.45
0.74 2.40
0.89 2.41
0.80 2.35
0.91 2.36
0.82 2.27
0.93 2.30
0.87 2.16
0.96 2.18
0.92 2.03
1.00 2.04
0.95 1.92
1.06 1.87
0.99 1.83
1.00 1.74
1.09 1.76
1.01 1.62
1.10 1.68
1.11 1.59
1.14 1.51
0.90 2.04
0.93 1.90
0.95 1.82
0.95 1.73
0.93 1.65
0.75 2.27
0.80 2.18
0.82 2.17
0.85 1.49
0.91 1.55
0.88 1.55
0.91 1.63
0.88 1.66
0.94 1.76
0.91 1.78
0.94 1.85
0.92 1.86
0.92 1.92
0.89 1.97
0.87 2.07
0.85 2.08
0.83 2.17
0.61 2.42
0.64 2.41
0.71 2.33
0.76 1.40
0.71 1.34
0.58 2.41
0.60 2.41
0.65 2.36
0.70 2.30
0.74 2.22
0.78 2.12
0.81 2.02
0.84 1.91
0.85 1.77
0.82 1.66
0.82 1.59
0.78 1.48
0.61 1.47
0.46 2.42
0.66 1.63
0.68 1.72
0.68 1.78
0.65 1.95
0.61 2.04
0.58 2.16
0.56 2.28
0.51 2.38
0.48 2.40
0.46 2.42
-0.25 2.38
-0.02 2.37
-0.24 2.37
-0.02 2.35
-0.22 2.35
-0.01 2.28
-0.22 2.31
0.04 2.21
-0.25 2.27
0.07 2.13
-0.22 2.16
0.08 1.98
-0.12 1.98
0.08 1.90
-0.12 1.89
0.09 1.83
-0.13 1.81
0.08 1.76
-0.12 1.73
0.09 1.65
-0.11 1.63
0.10 1.53
-0.11 1.50
0.08 1.47
-0.12 1.38
0.08 1.33
-0.11 1.22
0.09 1.23
-0.12 1.12
0.07 1.15
-0.11 1.05
0.07 1.10
0.06 1.01
0.06 0.98
-0.60 2.39
-0.45 2.38
-0.60 2.39
-0.47 2.38
-0.64 2.40
-0.47 2.38
-0.64 2.40
-0.44 2.37
-0.69 2.35
-0.46 2.32
-0.80 2.31
-0.57 2.24
-0.86 2.23
-0.45 2.05
-0.77 2.07
-0.39 1.93
-0.73 1.96
-0.39 1.86
-0.68 1.81
-0.38 1.74
-0.68 1.59
-0.39 1.61
-0.66 1.41
-0.38 1.43
-0.64 1.24
-0.41 1.25
-0.65 1.12
-0.42 1.13
-0.64 1.05
-0.41 1.07
-0.89 2.41
-0.75 2.39
-0.91 2.42
-0.78 2.41
-0.96 2.45
-0.83 2.43
-1.00 2.47
-0.86 2.43
-1.04 2.48
-0.90 2.39
-1.13 2.45
-0.99 2.32
-1.14 2.34
-0.97 2.26
-1.10 2.24
-0.95 2.21
-1.09 2.11
-0.96 2.06
-1.14 1.99
-0.95 1.94
-1.15 1.84
-0.95 1.71
-1.11 1.50
-0.96 1.43
-1.09 1.36
-0.93 1.27
-1.09 1.25
-0.89 1.15
-1.07 1.17
-0.85 1.08
0.43 1.47
0.43 1.37
0.31 2.42
0.32 2.41
0.33 2.40
0.34 2.38
0.35 2.35
0.38 2.21
0.39 2.15
0.42 2.00
0.43 1.91
0.44 1.81
0.44 1.71
0.45 1.61
0.20 1.08
0.20 1.01
0.21 0.97
0.21 1.15
0.29 1.50
0.23 1.31
0.22 1.22
-0.83 1.00
-0.96 2.41
-0.98 2.42
-1.01 2.46
-1.06 2.49
-1.14 2.51
-1.22 2.46
-1.24 2.33
-1.28 2.12
-1.27 2.03
-1.29 1.95
-1.29 1.84
-1.30 1.69
-1.30 1.54
-1.26 1.41
-1.23 1.31
-1.10 2.42
-1.12 2.43
-1.16 2.46
-1.28 2.50
-1.35 2.45
-1.35 2.34
-1.37 2.19
-1.38 2.06
-1.38 2.01
-1.35 1.93
-1.34 1.84
-1.37 1.69
-1.40 1.55
-1.38 1.41
-1.37 1.34
-1.35 1.32
-1.23 1.26
-0.94 1.04
-1.07 1.12
-1.03 1.10
-1.27 2.44
-1.29 2.44
-1.34 2.47
-1.40 2.50
-1.45 2.44
-1.51 2.31
-1.52 2.17
-1.50 2.07
-1.46 2.00
-1.42 1.92
-1.43 1.84
-1.49 1.64
-1.52 1.46
-1.50 1.32
-1.49 1.27
-1.49 1.21
-1.53 2.46
-1.56 2.48
-1.59 2.50
-1.63 2.51
-1.67 2.49
-1.69 2.40
-1.66 2.22
-1.65 2.13
-1.64 2.09
-1.62 1.97
-1.61 1.87
-1.61 1.78
-1.59 1.62
-1.59 1.40
-1.64 1.19
-1.70 2.48
-1.73 2.48
-1.75 2.50
-1.80 2.52
-1.83 2.51
-1.83 2.45
-1.82 2.32
-1.78 2.17
-1.76 2.03
-1.76 1.93
-1.72 1.85
-1.71 1.70
-1.70 1.56
-1.69 1.36
-1.73 1.19
-1.95 2.42
-1.89 2.49
-1.99 2.41
-1.93 2.49
-2.00 2.37
-1.93 2.46
-2.00 2.32
-1.93 2.42
-1.99 2.24
-1.93 2.32
-1.99 2.11
-1.92 2.14
-1.97 1.94
-1.90 2.00
-1.96 1.85
-1.88 1.90
-1.93 1.77
-1.85 1.81
-1.91 1.61
-1.83 1.64
-1.90 1.46
-1.83 1.50
-1.90 1.28
-1.84 1.30
-1.90 1.15
-1.84 1.16
-1.91 1.07
-1.87 1.07
-2.04 2.37
-2.05 2.34
-2.06 2.30
-2.06 2.24
-2.06 2.17
-2.05 2.05
-2.04 1.93
-2.02 1.82
-1.99 1.70
-1.96 1.55
-1.94 1.43
-1.93 1.28
-1.95 1.18
-2.02 2.24
-2.02 2.22
-2.03 2.18
-2.03 2.13
-2.02 2.08
-2.02 1.99
-2.01 1.86
-2.00 1.76
-2.00 1.66
-1.97 1.56
-1.93 1.38
-1.56 1.12
-1.98 1.01
-1.69 0.87
-1.86 0.53
-1.97 0.40
-1.99 0.39
-2.00 0.30
-1.86 0.42
-1.90 0.41
-1.90 0.34
-1.83 0.42
-1.84 0.34
-2.00 0.28
-1.96 0.31
-2.00 0.23
-1.96 0.24
-1.95 0.22
-1.77 0.28
-1.80 0.34
-1.93 0.41
-1.94 0.32
-1.98 0.28
-1.98 0.22
-1.94 0.22
-1.98 0.38
-1.95 0.40
-1.92 0.29
-1.86 0.26
-1.80 0.27
-1.91 0.25
-1.93 0.25
-1.81 0.35
-1.87 0.30
-1.83 0.34
-1.81 0.26
-1.78 0.27
-1.86 0.41
-1.89 0.41
-1.83 0.41
-1.92 1.17
-1.91 1.28
-1.97 1.56
-1.97 2.03
-1.96 1.96
-1.96 1.85
-1.97 1.74
-1.97 1.65
-1.94 2.01
-2.04 1.52
-2.03 1.68
-2.03 1.67
-2.05 1.83
-2.07 2.06
-2.06 2.27
-1.98 2.41
-1.88 2.48
-1.78 2.51
-2.03 1.53
-2.03 1.68
-2.04 1.84
-2.06 2.07
-2.05 2.28
-1.98 2.41
-1.88 2.48
-1.79 2.50
-2.01 1.53
-2.01 1.69
-2.02 1.84
-2.04 2.07
-2.03 2.28
-1.96 2.40
-1.87 2.46
-1.98 1.53
-1.99 1.69
-2.00 1.84
-2.01 2.07
-2.00 2.28
-1.93 2.39
-1.85 2.43
-1.96 1.52
-1.97 1.68
-1.98 1.84
-1.99 2.06
-1.97 2.27
-1.91 2.37
-1.83 2.40
-1.94 1.51
-1.96 1.68
-1.94 1.51
-1.95 1.67
-1.95 1.51
-1.96 1.66
-1.98 1.50
-1.98 1.66
-2.00 1.51
-2.00 1.66
-2.03 1.51
-2.02 1.66
-2.04 1.52
1.86 2.57
1.93 2.64
1.90 2.64
1.95 2.61
1.91 2.56
1.94 2.55
1.95 2.53
1.92 2.53
1.94 2.51
1.94 2.51
1.95 2.54
1.93 2.63
1.92 2.65
1.96 2.59
1.90 2.65
1.88 2.66
1.87 2.68
1.86 2.65
1.90 2.69
1.92 2.68
1.94 2.64
1.97 2.59
1.97 2.54
1.95 2.51
1.95 2.49
1.93 2.49
1.91 2.50
1.90 2.54
1.88 2.53
1.97 2.53
1.98 2.56
1.96 2.48
1.96 2.48
1.92 2.46
1.90 2.47
1.85 2.49
1.97 2.60
1.95 2.63
1.92 2.68
1.90 2.70
1.84 2.65
1.87 2.69
1.85 2.58
1.82 2.51
1.84 2.70
1.87 2.70
1.89 2.68
1.92 2.63
1.94 2.58
1.96 2.54
1.97 2.50
1.83 2.56
1.84 2.67
1.81 2.71
1.89 2.60
1.93 2.55
1.96 2.51
1.98 2.47
1.98 2.43
1.99 2.41
1.94 2.37
1.87 2.37
1.92 2.37
1.83 2.39
1.78 2.45
1.82 2.65
1.75 2.55
1.75 2.62
1.78 2.72
1.75 2.67
1.95 2.49
1.99 2.44
2.01 2.38
2.03 2.31
1.82 2.36
1.76 2.44
1.78 2.40
1.76 2.52
1.72 2.48
1.70 2.56
1.70 2.63
1.72 2.68
1.72 2.72
1.70 2.74
1.66 2.68
2.03 2.29
2.01 2.23
1.93 2.25
1.85 2.32
2.03 2.42
2.07 2.37
2.07 2.33
2.07 2.36
2.07 2.29
2.06 2.26
2.04 2.19
2.04 2.17
1.95 2.22
1.84 2.26
1.80 2.30
1.75 2.36
1.71 2.42
1.71 2.52
1.68 2.52
1.68 2.56
2.15 2.31
2.15 2.30
2.14 2.29
2.13 2.26
2.11 2.23
2.10 2.19
2.10 2.17
2.23 2.28
2.21 2.27
2.19 2.29
2.20 2.27
2.19 2.25
2.23 2.26
2.23 2.24
2.23 2.19
2.17 2.21
2.16 2.27
2.20 2.28
2.19 2.19
2.14 2.16
2.29 2.25
2.29 2.24
2.26 2.26
2.32 2.21
2.32 2.23
2.26 2.27
2.33 2.17
2.29 2.08
2.30 2.08
2.31 2.11
2.29 2.09
2.30 2.12
2.28 2.14
2.32 2.11
2.32 2.15
2.23 2.14
2.27 2.14
2.24 2.16
2.20 2.16
2.14 2.12
2.23 2.11
2.19 2.14
2.16 2.10
2.19 2.11
2.12 2.09
2.11 2.13
2.13 2.08
2.10 2.13
2.07 2.03
2.09 2.10
2.12 2.02
2.15 2.05
2.16 2.01
2.19 2.04
2.20 2.00
2.23 2.05
2.04 2.14
2.04 2.05
2.03 2.10
2.23 2.00
2.23 2.02
2.26 2.03
2.13 1.98
2.08 2.00
1.99 2.00
2.05 2.00
2.01 2.01
2.00 2.07
1.95 1.99
1.87 1.98
1.97 2.01
1.91 2.01
1.79 2.00
1.92 2.07
1.81 2.07
1.95 2.16
1.94 2.10
1.84 2.18
1.83 2.12
1.77 2.24
1.73 2.17
1.66 2.05
1.67 2.10
1.64 2.11
1.75 1.96
1.60 1.94
1.60 1.98
1.57 2.05
1.72 2.29
1.62 2.09
1.55 2.14
1.62 2.19
1.59 2.33
1.53 2.28
1.68 2.23
1.62 2.35
1.67 2.39
1.69 2.47
1.65 2.49
1.65 2.53
1.64 2.58
1.61 2.51
1.60 2.47
1.56 2.44
1.52 2.41
1.57 2.51
1.53 2.49
1.59 2.78
1.64 2.75
1.60 2.79
1.66 2.78
1.61 2.81
1.52 2.78
1.54 2.80
1.55 2.82
1.56 2.84
1.66 2.78
1.62 2.82
1.65 2.79
1.69 2.76
1.52 2.78
1.52 2.82
1.50 2.80
1.49 2.75
1.49 2.78
1.49 2.79
1.50 2.80
1.51 2.81
1.53 2.83
1.47 2.78
1.46 2.75
1.48 2.75
1.43 2.72
1.41 2.70
1.45 2.73
1.49 2.74
1.53 2.74
1.48 2.74
1.43 2.67
1.45 2.72
1.54 2.76
1.51 2.76
1.55 2.76
1.47 2.73
1.45 2.70
1.54 2.78
1.59 2.78
1.49 2.71
1.51 2.75
1.60 2.76
1.63 2.73
1.60 2.76
1.61 2.81
1.62 2.77
1.58 2.81
1.54 2.77
1.65 2.87
1.65 2.81
1.60 2.85
1.57 2.79
1.65 2.94
1.61 2.88
1.62 2.89
1.66 2.93
1.69 2.87
1.70 2.95
1.69 2.97
1.68 3.02
1.67 3.05
1.65 2.97
1.66 3.03
1.64 2.97
1.59 2.83
1.52 2.72
1.56 2.76
1.57 2.80
1.59 2.74
1.60 2.84
1.67 2.94
1.67 2.85
1.67 2.72
1.56 2.69
1.40 2.65
1.45 2.58
1.48 2.60
1.54 2.57
1.50 2.63
1.53 2.66
1.62 2.62
1.64 2.67
1.65 2.66
1.64 2.68
1.64 2.64
1.69 3.03
1.69 2.98
1.69 2.96
1.69 3.00
1.68 2.95
1.70 2.99
1.70 2.97
1.69 2.92
1.64 2.75
1.63 2.69
1.72 2.78
1.71 2.91
1.70 2.95
1.69 2.94
1.69 2.83
1.73 2.85
1.68 2.77
1.70 2.90
1.70 2.73
1.67 2.88
1.66 2.83
1.67 2.73
1.63 2.77
1.60 2.72
1.62 2.75
1.63 2.80
1.66 2.86
1.67 2.90
1.61 2.73
1.63 2.77
1.65 2.83
1.67 2.89
1.64 2.72
1.66 2.79
1.67 2.85
1.67 2.93
1.68 2.96
1.69 2.99
1.60 2.56
1.62 2.60
1.66 2.70
1.70 2.70
1.64 2.67
1.63 2.68
1.87 2.64
1.68 3.01
1.51 2.53
1.37 2.70
-1.77 0.88
-1.70 0.86
-1.67 1.02
1.47 2.67
2.26 2.10
-1.85 1.64
-1.91 1.70
-1.90 1.81
-1.91 1.89
-1.96 1.74
-1.99 1.19
-1.98 1.37
-1.99 1.28
0.54 0.20
0.57 0.20
0.59 0.20
-1.46 0.17
-1.44 0.18
-1.43 0.17
0.65 0.24
0.58 0.24
0.67 0.24
0.69 0.23
0.67 0.23
-1.81 0.22
-1.89 0.22
-1.76 0.22
-1.72 0.21
-1.72 0.20
2.25 2.05
2.24 2.03
2.23 2.02
2.16 1.99
2.12 1.98
2.07 1.98
2.28 2.06
2.28 2.06
2.24 2.06
2.21 2.06
2.16 2.07
1.51 2.63
1.54 2.61
1.55 2.57
1.54 2.52
1.43 2.51
1.48 2.50
1.40 2.60
1.40 2.56
1.43 2.63
1.59 2.89
1.64 2.86
1.67 2.84
1.69 2.81
1.70 2.77
1.64 2.77
1.59 2.80
1.55 2.83
1.54 2.86
1.56 2.87
1.46 2.65
-2.01 1.37
-2.00 1.23
-2.01 1.11
-1.97 1.11
-2.01 1.01
-1.96 1.06
-2.04 0.92
-1.90 0.97
-1.95 0.89
-2.06 0.83
-2.01 0.81
-2.02 1.37
-2.04 1.26
-2.06 1.18
-2.08 1.06
-2.10 0.96
-2.14 0.88
-2.18 0.80
-2.04 1.38
-2.08 1.27
-2.11 1.19
-2.13 1.10
-2.14 0.99
-2.21 0.88
-2.23 0.77
-2.07 1.34
-2.11 1.25
-2.14 1.16
-2.19 1.07
-2.22 0.91
-2.27 0.78
-2.08 1.36
-2.16 1.20
-2.22 1.07
-2.23 0.96
-2.27 0.85
-2.32 0.77
-2.09 1.36
-2.16 1.22
-2.21 1.09
-2.26 0.93
-2.32 0.81
-2.34 0.73
-2.05 1.35
-2.09 1.20
-2.18 1.08
-2.19 0.96
-2.24 0.85
-2.29 0.74
-2.04 1.32
-2.06 1.16
-2.11 0.99
-2.15 0.85
-2.21 0.80
-2.27 0.75
-2.01 1.25
-2.02 1.10
-2.05 0.97
-2.09 0.86
-2.16 0.80
-2.25 0.74
-1.97 1.27
-1.97 1.12
-1.98 1.03
-2.06 0.89
-2.06 0.82
-2.13 0.76
-2.19 0.74
-1.91 1.26
1.50 2.62
1.53 2.59
1.47 2.64
1.51 2.61
1.54 2.59
1.48 2.62
1.52 2.62
1.55 2.60
1.50 2.62
1.55 2.61
1.57 2.60
1.53 2.56
1.54 2.56
1.55 2.56
1.57 2.56
1.60 2.57
1.60 2.60
1.54 2.61
1.59 2.62
1.63 2.57
1.64 2.60
1.58 2.62
1.62 2.61
1.67 2.58
1.67 2.61
1.66 2.62
1.65 2.62
1.78 2.64
1.53 2.52
1.53 2.52
1.47 2.50
1.49 2.50
1.55 2.54
1.50 2.50
1.58 2.54
1.55 2.52
1.61 2.54
1.60 2.53
1.63 2.54
1.63 2.55
1.67 2.55
1.67 2.56
1.52 2.52
1.58 2.52
1.62 2.54
1.46 2.52
1.43 2.52
1.42 2.52
1.68 2.55
1.61 2.56
1.66 2.57
1.56 2.54
1.50 2.54
1.46 2.54
1.43 2.55
1.40 2.55
1.42 2.58
1.46 2.57
1.50 2.58
1.56 2.57
1.40 2.58
1.61 2.57
1.66 2.59
1.56 2.60
1.51 2.60
1.47 2.61
1.45 2.61
1.42 2.62
1.62 2.62
1.61 2.60
1.65 2.61
1.63 2.93
1.67 2.91
1.69 2.98
1.70 2.89
1.71 2.97
1.73 3.01
1.77 2.96
1.74 2.93
1.74 2.99
1.78 3.02
1.80 2.99
1.71 2.86
1.75 2.90
1.77 2.93
1.81 2.94
1.84 3.00
1.79 3.01
1.84 3.03
1.84 3.05
1.85 2.96
1.89 3.00
1.88 3.03
1.88 3.05
1.88 2.97
1.92 3.00
1.92 3.03
1.92 3.05
2.05 3.03
1.92 2.97
1.71 2.82
1.66 2.83
1.75 2.88
1.71 2.88
1.78 2.91
1.75 2.92
1.82 2.93
1.80 2.93
1.86 2.94
1.87 2.96
1.89 2.95
1.90 2.97
1.93 2.96
1.87 2.98
1.92 2.99
1.95 2.98
1.97 2.99
1.71 2.95
1.66 2.91
1.60 2.84
1.96 3.02
1.91 3.03
1.85 3.03
1.78 3.02
1.79 2.97
1.71 2.98
1.65 2.94
1.57 2.86
1.71 3.02
1.64 2.98
1.77 3.05
1.86 3.07
1.57 2.90
1.92 3.06
1.97 3.06
1.76 3.04
1.85 3.07
1.70 3.02
1.65 2.99
1.59 2.93
1.91 3.07
1.94 3.06
-0.77 0.80
-0.83 0.82
-0.81 0.85
-0.89 0.82
-0.78 0.78
-0.86 0.82
-0.72 0.77
-0.66 0.76
-0.74 0.78
-0.80 0.79
-0.88 0.82
-0.91 0.82
-0.92 0.82
-0.93 0.82
-0.75 0.77
-0.55 0.76
-0.58 0.78
-0.76 0.80
-0.96 0.84
-1.63 0.81
-1.04 1.06
-0.87 0.94
-0.91 0.96
-0.81 0.89
-1.74 1.39
-1.58 0.78
-0.94 0.93
-0.88 0.91
-1.01 0.93
-0.94 0.98
-0.88 0.88
-0.83 0.88
-0.75 0.88
-0.64 0.88
-0.69 0.89
-0.61 0.85
-0.81 0.85
-0.95 0.90
-0.96 0.89
-0.87 0.86
-1.01 0.90
-1.00 0.89
-0.98 0.87
-0.80 0.83
-0.59 0.82
-1.18 1.02
-1.14 1.03
-1.26 0.94
-1.19 0.94
-1.15 0.95
-1.04 0.96
-1.01 0.96
-1.31 0.85
-1.23 0.86
-1.16 0.85
-1.05 0.89
-1.05 0.86
-1.01 0.91
-0.97 0.91
-0.96 0.86
-1.00 0.86
-0.94 0.83
-0.99 0.86
-0.97 0.84
-1.01 0.83
-1.05 0.85
-1.14 0.83
-1.08 0.80
-1.06 0.82
-1.36 0.79
-1.27 0.78
-1.17 0.79
-1.13 0.77
-1.15 0.76
-1.18 0.77
-1.22 0.75
-1.25 0.75
-1.31 0.75
-1.36 0.74
-1.36 0.75
-1.39 0.75
-1.43 0.75
-1.46 0.75
-1.47 0.74
-1.47 0.74
-1.62 0.82
-1.44 0.74
-1.51 0.79
-1.39 0.73
-1.38 0.78
-1.25 0.74
-1.22 0.75
-1.26 0.79
-1.16 0.76
-1.65 0.82
-1.74 0.87
-1.80 0.92
-1.85 0.99
-1.81 0.97
-1.89 1.07
-1.86 1.05
-1.91 1.15
-1.88 1.13
-1.91 1.25
-1.88 1.23
-1.88 1.41
-1.86 1.40
-1.86 1.53
-1.83 1.52
-1.92 1.58
-1.96 1.29
-1.96 1.20
-1.95 1.10
-1.90 1.00
-1.85 0.94
-1.78 0.89
-1.71 0.86
-1.58 0.78
-1.95 1.45
-1.81 1.39
-1.81 1.21
-1.80 1.10
-1.77 1.02
-1.75 1.21
-1.71 1.10
-1.15 0.70
-1.16 0.69
-1.18 0.70
-1.22 0.68
-1.23 0.68
-1.23 0.68
-1.21 0.69
-1.17 0.69
-1.38 0.67
-1.38 0.68
-1.40 0.69
-1.43 0.69
-1.45 0.68
-1.46 0.68
-1.46 0.68
-1.44 0.68
-1.40 0.67
-1.21 0.65
-1.18 0.65
-1.23 0.64
-1.24 0.64
-1.22 0.64
-1.19 0.66
-1.16 0.65
-1.15 0.66
-1.41 0.63
-1.39 0.64
-1.45 0.64
-1.46 0.64
-1.46 0.64
-1.46 0.65
-1.44 0.65
-1.41 0.65
-1.39 0.64
-1.20 0.62
-1.43 0.62
-1.40 1.21
-1.35 1.22
-1.50 1.11
-1.42 1.11
-1.36 1.12
-1.19 1.13
-1.22 1.13
-1.53 1.00
-1.43 1.00
-1.22 1.03
-1.34 0.99
-1.18 1.06
-1.10 0.98
-1.13 1.06
-1.15 0.99
-1.21 0.99
-1.05 0.92
-1.11 0.95
-1.06 0.92
-1.07 0.88
-1.18 0.92
-1.16 0.86
-1.55 0.90
-1.43 0.88
-1.32 0.89
-1.22 0.83
-1.30 0.85
-1.25 0.83
-1.34 0.82
-1.36 0.81
-1.51 0.83
-1.49 0.80
-1.42 0.81
-1.55 0.84
-1.59 0.83
-1.61 0.83
-1.59 0.80
-1.61 0.81
-1.71 0.85
-1.55 0.79
-1.50 0.79
-1.33 0.79
-1.29 0.79
-1.24 0.80
-1.88 0.94
-1.79 0.88
-1.93 0.98
-1.98 1.05
-2.01 1.13
-2.00 1.07
-2.03 1.22
-2.03 1.14
-2.02 1.32
-2.04 1.23
-2.00 1.49
-2.04 1.33
-1.98 1.63
-2.00 1.51
-1.97 1.64
-2.00 1.54
-2.03 1.36
-2.03 1.24
-2.01 1.15
-1.99 1.37
-1.95 1.26
-1.27 0.76
-1.24 0.75
-1.30 0.77
-1.33 0.75
-1.34 0.74
-1.33 0.73
-1.29 0.73
-1.26 0.74
-1.53 0.75
-1.51 0.74
-1.56 0.76
-1.59 0.76
-1.60 0.76
-1.60 0.74
-1.58 0.74
-1.56 0.73
-1.52 0.73
-1.26 0.69
-1.30 0.69
-1.33 0.69
-1.34 0.70
-1.33 0.70
-1.30 0.72
-1.27 0.71
-1.25 0.71
-1.52 0.69
-1.53 0.69
-1.56 0.69
-1.59 0.69
-1.60 0.70
-1.61 0.71
-1.59 0.72
-1.56 0.72
-1.53 0.71
-1.30 0.68
-1.56 0.67
